 
Weights: [-0.8601929440574998, 0.2137160617400994], [-0.6115273767575788, 4.547723195199012]
Biases: [0.0, -0.7065938677130298] 
Weights: [-0.8601929440574998, 0.48963213884347523], [-0.6115273767575788, 8.277269175556466]
Biases: [0.0, -0.3841380228482909] 
Weights: [-0.8601929440574998, 0.5782092592414843], [-0.6115273767575788, 11.20097480189984]
Biases: [0.0, -0.3078365488807176] 
Weights: [-0.8601929440574998, 0.605806320695653], [-0.6115273767575788, 13.840126410459657]
Biases: [0.0, -0.2673883194781024] 
Weights: [-0.8601929440574998, 0.6004670261589151], [-0.6115273767575788, 16.34986350221763]
Biases: [0.0, -0.2360185455841598] 
Weights: [-0.8601929440574998, 0.5808261557868559], [-0.6115273767575788, 18.79478541943649]
Biases: [0.0, -0.207413763367997] 
Weights: [-0.8601929440574998, 0.5513853433854946], [-0.6115273767575788, 21.21059095967479]
Biases: [0.0, -0.17648211778129452] 
Weights: [-0.8601929440574998, 0.5213156535418862], [-0.6115273767575788, 23.622140509100593]
Biases: [0.0, -0.14529620725565673] 
Weights: [-0.8601929440574998, 0.4940624477858898], [-0.6115273767575788, 26.041279895380686]
Biases: [0.0, -0.11539686943835825] 
Weights: [-0.8601929440574998, 0.47219316841568887], [-0.6115273767575788, 28.472240028411093]
Biases: [0.0, -0.08915650769591527] 
Weights: [-0.8601929440574998, 0.45404620459039813], [-0.6115273767575788, 30.912597685643902]
Biases: [0.0, -0.06657517146534725] 
Weights: [-0.8601929440574998, 0.43849585449447803], [-0.6115273767575788, 33.36277096363718]
Biases: [0.0, -0.04792581642815741] 
Weights: [-0.8601929440574998, 0.4262663763462493], [-0.6115273767575788, 35.824714276692994]
Biases: [0.0, -0.0340266059113154] 
Weights: [-0.8601929440574998, 0.4176347549421118], [-0.6115273767575788, 38.30027267336628]
Biases: [0.0, -0.02478446758136782] 
Weights: [-0.8601929440574998, 0.409976571623849], [-0.6115273767575788, 40.789496353466625]
Biases: [0.0, -0.018475533286659573] 
Weights: [-0.8601929440574998, 0.40427998685274164], [-0.6115273767575788, 43.285128447334415]
Biases: [0.0, -0.014955239900914408] 
Weights: [-0.8601929440574998, 0.40114682864913986], [-0.6115273767575788, 45.781630203530355]
Biases: [0.0, -0.013757496167734307] 
Weights: [-0.8601929440574998, 0.3972817494813295], [-0.6115273767575788, 48.27324441950507]
Biases: [0.0, -0.01308856542646425] 
Weights: [-0.8601929440574998, 0.39245201900685955], [-0.6115273767575788, 50.75090122098586]
Biases: [0.0, -0.012578166756774034] 
Weights: [-0.8601929440574998, 0.38290143183621617], [-0.6115273767575788, 53.21575221669036]
Biases: [0.0, -0.011048031626994581] 
Weights: [-0.8601929440574998, 0.37531319735922797], [-0.6115273767575788, 55.68129781924411]
Biases: [0.0, -0.010338354399034466] 
Weights: [-0.8601929440574998, 0.3709116906979391], [-0.6115273767575788, 58.15679704320011]
Biases: [0.0, -0.010751954340850245] 
Weights: [-0.8601929440574998, 0.36683593241053225], [-0.6115273767575788, 60.634112588137754]
Biases: [0.0, -0.010618831156647468] 
Weights: [-0.8601929440574998, 0.36173213195033316], [-0.6115273767575788, 63.10480121349284]
Biases: [0.0, -0.010507053038913139] 
Weights: [-0.8601929440574998, 0.3527639925412437], [-0.6115273767575788, 65.55358528703091]
Biases: [0.0, -0.010238884002354565] 
Weights: [-0.8601929440574998, 0.33868792109611917], [-0.6115273767575788, 67.98477720678869]
Biases: [0.0, -0.00926957433949327] 
Weights: [-0.8601929440574998, 0.34268021882117855], [-0.6115273767575788, 70.492783017107]
Biases: [0.0, -0.011107333899053773] 
Weights: [-0.8601929440574998, 0.32991980903917634], [-0.6115273767575788, 72.92489427059726]
Biases: [0.0, 0.020861892623825706] 
Weights: [-0.8601929440574998, 0.33286727982823966], [-0.6115273767575788, 75.4266110423604]
Biases: [0.0, 0.015099996980809993] 
Weights: [-0.8601929440574998, 0.3249948360492297], [-0.6115273767575788, 77.88708758535228]
Biases: [0.0, 0.025775481167931436] 
Weights: [-0.8601929440574998, 0.32736847755031195], [-0.6115273767575788, 80.38759611840705]
Biases: [0.0, 0.02336300499870314] 
Weights: [-0.8601929440574998, 0.3263063518270572], [-0.6115273767575788, 82.8567980698393]
Biases: [0.0, 0.024751744768187478] 
Weights: [-0.8601929440574998, 0.3267622676166225], [-0.6115273767575788, 85.3418438891748]
Biases: [0.0, 0.022458055046137404] 
Weights: [-0.8601929440574998, 0.32909605534642145], [-0.6115273767575788, 87.82443896563265]
Biases: [0.0, 0.020617399970029426] 
Weights: [-0.8601929440574998, 0.32122143088086885], [-0.6115273767575788, 90.27916287910811]
Biases: [0.0, 0.02644427376264019] 
Weights: [-0.8601929440574998, 0.3257224554180133], [-0.6115273767575788, 92.78255103707689]
Biases: [0.0, 0.029565433777961503] 
Weights: [-0.8601929440574998, 0.3273408414153526], [-0.6115273767575788, 95.28477694673829]
Biases: [0.0, 0.029044638286619073] 
Weights: [-0.8601929440574998, 0.3178928830635114], [-0.6115273767575788, 97.76692583214965]
Biases: [0.0, 0.054540726158908814] 
Weights: [-0.8601929440574998, 0.30860621028241364], [-0.6115273767575788, 100.23313102173638]
Biases: [0.0, 0.03768444027322182] 
Weights: [-0.8601929440574998, 0.30825526904485245], [-0.6115273767575788, 102.72161695360685]
Biases: [0.0, 0.10372317272041398] 
Weights: [-0.8601929440574998, 0.3118290924993369], [-0.6115273767575788, 105.23156838208152]
Biases: [0.0, 0.10580021994681288] 
Weights: [-0.8601929440574998, 0.32606144369336215], [-0.6115273767575788, 107.77174244694416]
Biases: [0.0, 0.05335471499872041] 
Weights: [-0.8601929440574998, 0.32595114556863203], [-0.6115273767575788, 110.26434366333584]
Biases: [0.0, 0.07835463540224719] 
Weights: [-0.8601929440574998, 0.32539212569744175], [-0.6115273767575788, 112.7754939303417]
Biases: [0.0, 0.07521743526783059] 
Weights: [-0.8601929440574998, 0.3236313995418026], [-0.6115273767575788, 115.27357224917917]
Biases: [0.0, -0.028798821545359066] 
Weights: [-0.8601929440574998, 0.3198453093448032], [-0.6115273767575788, 117.72367018266644]
Biases: [0.0, -0.024892570997964936] 
Weights: [-0.8601929440574998, 0.30804132592861516], [-0.6115273767575788, 120.14303235363288]
Biases: [0.0, -0.020612802405912845] 
Weights: [-0.8601929440574998, 0.29927534030490094], [-0.6115273767575788, 122.59606173404336]
Biases: [0.0, 0.04605639373512005] 
Weights: [-0.8601929440574998, 0.32054330387760444], [-0.6115273767575788, 125.2033454316096]
Biases: [0.0, -0.02604139630422031] 
Weights: [-0.8601929440574998, 0.3127006591023512], [-0.6115273767575788, 127.67851009050975]
Biases: [0.0, 0.08172838009592359] 
Weights: [-0.8601929440574998, 0.3056833357129759], [-0.6115273767575788, 130.16007704617277]
Biases: [0.0, -0.021220649337014563] 
Weights: [-0.8601929440574998, 0.3015496974379774], [-0.6115273767575788, 132.62381284188473]
Biases: [0.0, 0.0010140478940411368] 
Weights: [-0.8601929440574998, 0.32538880605628595], [-0.6115273767575788, 135.20769440457207]
Biases: [0.0, -0.014766339785824645] 
Weights: [-0.8601929440574998, 0.3336064729432671], [-0.6115273767575788, 137.69056018739852]
Biases: [0.0, 0.019547557840371155] 
Weights: [-0.8601929440574998, 0.31916011558868435], [-0.6115273767575788, 140.14777917455473]
Biases: [0.0, 0.1214041265605077] 
Weights: [-0.8601929440574998, 0.3074673654399117], [-0.6115273767575788, 142.60974858812386]
Biases: [0.0, -0.02924705050431131] 
Weights: [-0.8601929440574998, 0.32359063946225053], [-0.6115273767575788, 145.1228412470776]
Biases: [0.0, 0.04878213075599047] 
Weights: [-0.8601929440574998, 0.30586796748388617], [-0.6115273767575788, 147.58013535814715]
Biases: [0.0, 0.12199723603989937] 
Weights: [-0.8601929440574998, 0.31459187916836473], [-0.6115273767575788, 150.09645246988802]
Biases: [0.0, -0.029367684110874648] 
Weights: [-0.8601929440574998, 0.3015763843910372], [-0.6115273767575788, 152.55845671979964]
Biases: [0.0, -0.011934261210985841] 
Weights: [-0.8601929440574998, 0.32246140113197924], [-0.6115273767575788, 155.09448676383846]
Biases: [0.0, -0.016815456584129695] 
Weights: [-0.8601929440574998, 0.32727437827731176], [-0.6115273767575788, 157.56465759007258]
Biases: [0.0, 0.021527611872501073] 
Weights: [-0.8601929440574998, 0.33258010018250944], [-0.6115273767575788, 160.09463245061534]
Biases: [0.0, -0.012951172352399953] 
Weights: [-0.8601929440574998, 0.3517362737715236], [-0.6115273767575788, 162.653811786743]
Biases: [0.0, 0.003824073682128226] 
Weights: [-0.8601929440574998, 0.34334936146877953], [-0.6115273767575788, 165.0928260256948]
Biases: [0.0, -0.1528029232675588] 
Weights: [-0.8601929440574998, 0.3269329114584767], [-0.6115273767575788, 167.53189391767748]
Biases: [0.0, -0.020063036333099082] 
Weights: [-0.8601929440574998, 0.32375537992708037], [-0.6115273767575788, 170.02421023176592]
Biases: [0.0, -0.0315291710760231] 
Weights: [-0.8601929440574998, 0.31474551717276483], [-0.6115273767575788, 172.4909952863887]
Biases: [0.0, 0.12482562682462989] 
Weights: [-0.8601929440574998, 0.30739291064339125], [-0.6115273767575788, 174.96660639365098]
Biases: [0.0, -0.1521827857517824] 
Weights: [-0.8601929440574998, 0.2850406637585904], [-0.6115273767575788, 177.34718130783043]
Biases: [0.0, 0.0965294560344091] 
Weights: [-0.8601929440574998, 0.3043441528752769], [-0.6115273767575788, 179.909889791858]
Biases: [0.0, -0.01735181805850866] 
Weights: [-0.8601929440574998, 0.29821856593390994], [-0.6115273767575788, 182.3554536479022]
Biases: [0.0, -0.013845070649553759] 
Weights: [-0.8601929440574998, 0.31502976222007095], [-0.6115273767575788, 184.9143367955271]
Biases: [0.0, -0.026393271607291324] 
Weights: [-0.8601929440574998, 0.34165399648879835], [-0.6115273767575788, 187.48023017050878]
Biases: [0.0, -0.03991172449918079] 
Weights: [-0.8601929440574998, 0.31473082135304886], [-0.6115273767575788, 189.86218520519378]
Biases: [0.0, 0.050618794337592754] 
Weights: [-0.8601929440574998, 0.32135112613548783], [-0.6115273767575788, 192.3978228428017]
Biases: [0.0, 0.002349913779529089] 
Weights: [-0.8601929440574998, 0.31932072657070915], [-0.6115273767575788, 194.87461144806971]
Biases: [0.0, -0.1335907796484817] 
Weights: [-0.8601929440574998, 0.2949319404474069], [-0.6115273767575788, 197.27242957578272]
Biases: [0.0, -0.031784727643604405] 
Weights: [-0.8601929440574998, 0.3197554367792543], [-0.6115273767575788, 199.8442415567826]
Biases: [0.0, 0.061450766930205014] 
Weights: [-0.8601929440574998, 0.3125188720709005], [-0.6115273767575788, 202.34207801485437]
Biases: [0.0, 0.06025582795066775] 
Weights: [-0.8601929440574998, 0.3198756317007008], [-0.6115273767575788, 204.8312083393027]
Biases: [0.0, -0.13498413576698182] 
Weights: [-0.8601929440574998, 0.3222548740161911], [-0.6115273767575788, 207.32369987588686]
Biases: [0.0, 0.09139273604127168] 
Weights: [-0.8601929440574998, 0.28987157446991524], [-0.6115273767575788, 209.69776385412428]
Biases: [0.0, 0.07497307853959773] 
Weights: [-0.8601929440574998, 0.31442417131248607], [-0.6115273767575788, 212.30468463969248]
Biases: [0.0, -0.13479339706917454] 
Weights: [-0.8601929440574998, 0.2996663904877436], [-0.6115273767575788, 214.72250316902364]
Biases: [0.0, -0.12540802485216956] 
Weights: [-0.8601929440574998, 0.3065373321514479], [-0.6115273767575788, 217.2178695079036]
Biases: [0.0, 0.1376714125233232] 
Weights: [-0.8601929440574998, 0.31735913764549484], [-0.6115273767575788, 219.76026392619505]
Biases: [0.0, 0.14172227979026564] 
Weights: [-0.8601929440574998, 0.29167118323681734], [-0.6115273767575788, 222.132821285237]
Biases: [0.0, -0.14496828987325] 
Weights: [-0.8601929440574998, 0.3223422496032898], [-0.6115273767575788, 224.7497397208363]
Biases: [0.0, 0.09010850643537205] 
Weights: [-0.8601929440574998, 0.2919906719053218], [-0.6115273767575788, 227.1284756976566]
Biases: [0.0, -0.028272082674744015] 
Weights: [-0.8601929440574998, 0.32034205074078625], [-0.6115273767575788, 229.75244050290465]
Biases: [0.0, -0.032807989488559786] 
Weights: [-0.8601929440574998, 0.3022216412034911], [-0.6115273767575788, 232.14344777263892]
Biases: [0.0, -0.035953869630300894] 
Weights: [-0.8601929440574998, 0.3223184871617851], [-0.6115273767575788, 234.68357664352519]
Biases: [0.0, 0.018244893813349483] 
Weights: [-0.8601929440574998, 0.3062694705520345], [-0.6115273767575788, 237.12405985676614]
Biases: [0.0, 0.10212911016017517] 
Weights: [-0.8601929440574998, 0.31790769804252145], [-0.6115273767575788, 239.665893611914]
Biases: [0.0, 0.06223558569925086] 
Weights: [-0.8601929440574998, 0.293772641860752], [-0.6115273767575788, 242.07292169052076]
Biases: [0.0, -0.0016843584175176285] 
Weights: [-0.8601929440574998, 0.32224389331204595], [-0.6115273767575788, 244.653466783441]
Biases: [0.0, 0.11507223605649952] 
Weights: [-0.8601929440574998, 0.3013954090562596], [-0.6115273767575788, 247.0724596819541]
Biases: [0.0, -0.11935905571710798] 
Weights: [-0.8601929440574998, 0.3029835805101121], [-0.6115273767575788, 249.5377477354164]
Biases: [0.0, -0.004232980469041081] 
Weights: [-0.8601929440574998, 0.3021004761839634], [-0.6115273767575788, 251.99563877638525]
Biases: [0.0, -0.044622763794507914] 
Weights: [-0.8601929440574998, 0.2893739027569308], [-0.6115273767575788, 254.44594861362663]
Biases: [0.0, -0.007923759522779183] 
Weights: [-0.8601929440574998, 0.32222209091759657], [-0.6115273767575788, 257.06208338562]
Biases: [0.0, 0.12602426079579676] 
Weights: [-0.8601929440574998, 0.27713350230127154], [-0.6115273767575788, 259.3895654234277]
Biases: [0.0, 0.11489802335121951] 
Weights: [-0.8601929440574998, 0.30351407611993886], [-0.6115273767575788, 262.0027187861046]
Biases: [0.0, -0.04615892261771448] 
Weights: [-0.8601929440574998, 0.3117039165516835], [-0.6115273767575788, 264.51698387638714]
Biases: [0.0, -0.15358328453454567] 
Weights: [-0.8601929440574998, 0.26936806415384346], [-0.6115273767575788, 266.86200538854996]
Biases: [0.0, 0.035901990339455625] 
Weights: [-0.8601929440574998, 0.2748443000523952], [-0.6115273767575788, 269.4018987084904]
Biases: [0.0, 0.18588555279208951] 
Weights: [-0.8601929440574998, 0.279128636942783], [-0.6115273767575788, 271.946276705925]
Biases: [0.0, 0.18521247101328475] 
Weights: [-0.8601929440574998, 0.2887124894218845], [-0.6115273767575788, 274.47782367689865]
Biases: [0.0, 0.14850720152387617] 
Weights: [-0.8601929440574998, 0.323348566481015], [-0.6115273767575788, 277.13519367690185]
Biases: [0.0, -0.05108238015382116] 
Weights: [-0.8601929440574998, 0.30124298404455774], [-0.6115273767575788, 279.541089369681]
Biases: [0.0, -0.00301539032367254] 
Weights: [-0.8601929440574998, 0.30307071021617626], [-0.6115273767575788, 282.0251743493602]
Biases: [0.0, -0.02548925737456681] 
Weights: [-0.8601929440574998, 0.2777515152967362], [-0.6115273767575788, 284.3657123421512]
Biases: [0.0, -0.11972735625855363] 
Weights: [-0.8601929440574998, 0.32187747161919367], [-0.6115273767575788, 287.0258102709512]
Biases: [0.0, 0.0018074699577985687] 
Weights: [-0.8601929440574998, 0.31689772705999214], [-0.6115273767575788, 289.4937962471279]
Biases: [0.0, -0.011999208045838372] 
Weights: [-0.8601929440574998, 0.3152481678613823], [-0.6115273767575788, 291.99203927508927]
Biases: [0.0, -0.050084965786436675] 
Weights: [-0.8601929440574998, 0.30187626075918816], [-0.6115273767575788, 294.40997284976106]
Biases: [0.0, 0.0015535476613601773] 
Weights: [-0.8601929440574998, 0.31491369311779954], [-0.6115273767575788, 296.9330209778761]
Biases: [0.0, -0.01036576512677645] 
Weights: [-0.8601929440574998, 0.30622045010729476], [-0.6115273767575788, 299.3935114156275]
Biases: [0.0, -0.003782308792734057] 
Weights: [-0.8601929440574998, 0.2904578607675466], [-0.6115273767575788, 301.807018524134]
Biases: [0.0, 0.03670139596329547] 
Weights: [-0.8601929440574998, 0.30181235897787695], [-0.6115273767575788, 304.332576185887]
Biases: [0.0, 0.049462572605279864] 
Weights: [-0.8601929440574998, 0.2989734395773408], [-0.6115273767575788, 306.8105120016747]
Biases: [0.0, -0.028630564766131628] 
Weights: [-0.8601929440574998, 0.29849891899099473], [-0.6115273767575788, 309.27954148293287]
Biases: [0.0, -0.04917743729201285] 
Weights: [-0.8601929440574998, 0.29378447336550073], [-0.6115273767575788, 311.68414126451097]
Biases: [0.0, -0.004147543160566203] 
Weights: [-0.8601929440574998, 0.28469547707918896], [-0.6115273767575788, 314.1303039521249]
Biases: [0.0, -0.03583305671792253] 
Weights: [-0.8601929440574998, 0.30169199507192984], [-0.6115273767575788, 316.7007626077712]
Biases: [0.0, 0.020961226956528523] 
Weights: [-0.8601929440574998, 0.2860447612752089], [-0.6115273767575788, 319.1500641741758]
Biases: [0.0, 0.1857614840197366] 
Weights: [-0.8601929440574998, 0.2958303878848466], [-0.6115273767575788, 321.7030751076194]
Biases: [0.0, 0.04968972653374887] 
Weights: [-0.8601929440574998, 0.3142416534907304], [-0.6115273767575788, 324.2655601100383]
Biases: [0.0, -0.012761515777481414] 
Weights: [-0.8601929440574998, 0.29682848312531934], [-0.6115273767575788, 326.68184432643966]
Biases: [0.0, -0.030625985700249714] 
Weights: [-0.8601929440574998, 0.3143879282059081], [-0.6115273767575788, 329.21584149954583]
Biases: [0.0, 0.15244844409421057] 
Weights: [-0.8601929440574998, 0.3069076712825591], [-0.6115273767575788, 331.64734395788474]
Biases: [0.0, 0.0043543109624253895] 
Weights: [-0.8601929440574998, 0.2688489420711078], [-0.6115273767575788, 334.00529004114026]
Biases: [0.0, 0.04318420776764409] 
Weights: [-0.8601929440574998, 0.29429630749838326], [-0.6115273767575788, 336.5817771415945]
Biases: [0.0, -0.15710952519014704] 
Weights: [-0.8601929440574998, 0.2810690503601673], [-0.6115273767575788, 339.03361586240374]
Biases: [0.0, 0.12336440489978423] 
Weights: [-0.8601929440574998, 0.29177662235035434], [-0.6115273767575788, 341.5630923424258]
Biases: [0.0, 0.007883474362293252] 
Weights: [-0.8601929440574998, 0.31314019853416897], [-0.6115273767575788, 344.1057595664577]
Biases: [0.0, 0.0021291118026403044] 
Weights: [-0.8601929440574998, 0.30639462126622885], [-0.6115273767575788, 346.55721916889087]
Biases: [0.0, -0.1463833947287942] 
Weights: [-0.8601929440574998, 0.2773216050860818], [-0.6115273767575788, 348.9199406399697]
Biases: [0.0, -0.008229034282667358] 
Weights: [-0.8601929440574998, 0.3068540416936692], [-0.6115273767575788, 351.524941756588]
Biases: [0.0, 0.14477054836112274] 
Weights: [-0.8601929440574998, 0.27367767568621515], [-0.6115273767575788, 353.8583827675824]
Biases: [0.0, 0.1889075388465395] 
Weights: [-0.8601929440574998, 0.317834296963029], [-0.6115273767575788, 356.4943378308648]
Biases: [0.0, 0.15752826824227162] 
Weights: [-0.8601929440574998, 0.33490350012890996], [-0.6115273767575788, 359.03829077378816]
Biases: [0.0, -0.11632018072096001] 
Weights: [-0.8601929440574998, 0.31148897455794355], [-0.6115273767575788, 361.40920123973115]
Biases: [0.0, 0.1586651332259566] 
Weights: [-0.8601929440574998, 0.2932054483359679], [-0.6115273767575788, 363.8235797897735]
Biases: [0.0, 0.009252672687062813] 
Weights: [-0.8601929440574998, 0.27417971296358823], [-0.6115273767575788, 366.2076296060876]
Biases: [0.0, 0.007649906785656191] 
Weights: [-0.8601929440574998, 0.275643505780263], [-0.6115273767575788, 368.69678201317396]
Biases: [0.0, -0.14822464838857458] 
Weights: [-0.8601929440574998, 0.2626913222698945], [-0.6115273767575788, 371.14689125359536]
Biases: [0.0, 0.054252985557194044] 
Weights: [-0.8601929440574998, 0.28336603566549723], [-0.6115273767575788, 373.711496370576]
Biases: [0.0, 0.007730883552553747] 
Weights: [-0.8601929440574998, 0.30138305603515697], [-0.6115273767575788, 376.24522375124263]
Biases: [0.0, -0.14195847890546304] 
Weights: [-0.8601929440574998, 0.2838009109511212], [-0.6115273767575788, 378.6575411383193]
Biases: [0.0, 0.12702170552360803] 
Weights: [-0.8601929440574998, 0.31122658047398877], [-0.6115273767575788, 381.2728201283017]
Biases: [0.0, -0.039611761747166296] 
Weights: [-0.8601929440574998, 0.29035005976202277], [-0.6115273767575788, 383.66320149725084]
Biases: [0.0, 0.11859781070256109] 
Weights: [-0.8601929440574998, 0.2837064874675041], [-0.6115273767575788, 386.10341738089085]
Biases: [0.0, -0.1044093544442311] 
Weights: [-0.8601929440574998, 0.31123050480869974], [-0.6115273767575788, 388.7219819869861]
Biases: [0.0, 0.10721267315634209] 
Weights: [-0.8601929440574998, 0.3219412919211903], [-0.6115273767575788, 391.24717792095646]
Biases: [0.0, -0.001680808370152942] 
Weights: [-0.8601929440574998, 0.3074778091183591], [-0.6115273767575788, 393.67000629591786]
Biases: [0.0, -0.11539717002839306] 
Weights: [-0.8601929440574998, 0.28143473964362936], [-0.6115273767575788, 396.07233464189153]
Biases: [0.0, 0.09713867279645055] 
Weights: [-0.8601929440574998, 0.2788586934089576], [-0.6115273767575788, 398.5738760923275]
Biases: [0.0, 0.05656927122108657] 
Weights: [-0.8601929440574998, 0.3011153288881939], [-0.6115273767575788, 401.1222779798081]
Biases: [0.0, -0.1123086973842658] 
Weights: [-0.8601929440574998, 0.2783716365271936], [-0.6115273767575788, 403.5217609421116]
Biases: [0.0, -0.11607088894936862] 
Weights: [-0.8601929440574998, 0.29665373877059437], [-0.6115273767575788, 406.08492450390384]
Biases: [0.0, 0.18576589971146354] 
Weights: [-0.8601929440574998, 0.31976392660728525], [-0.6115273767575788, 408.654448397021]
Biases: [0.0, -0.12478638149767723] 
Weights: [-0.8601929440574998, 0.34249032121198164], [-0.6115273767575788, 411.2408843643115]
Biases: [0.0, -0.11687055569476018] 
Weights: [-0.8601929440574998, 0.33325183678111725], [-0.6115273767575788, 413.6664487546682]
Biases: [0.0, 0.134257837914584] 
Weights: [-0.8601929440574998, 0.33333447494498614], [-0.6115273767575788, 416.16761818532063]
Biases: [0.0, 0.06950280423640592] 
Weights: [-0.8601929440574998, 0.334632037228654], [-0.6115273767575788, 418.65576432514433]
Biases: [0.0, 0.0020982222254375404] 
Weights: [-0.8601929440574998, 0.3509075547905766], [-0.6115273767575788, 421.16913387634094]
Biases: [0.0, 0.07324854427956823] 
Weights: [-0.8601929440574998, 0.34329832492592544], [-0.6115273767575788, 423.6462801327749]
Biases: [0.0, 0.14149277189818088] 
Weights: [-0.8601929440574998, 0.3425776398758994], [-0.6115273767575788, 426.14187153018906]
Biases: [0.0, -0.03171685977262961] 
Weights: [-0.8601929440574998, 0.32204836449181135], [-0.6115273767575788, 428.55767803227695]
Biases: [0.0, 0.06351362630940738] 
Weights: [-0.8601929440574998, 0.30094523435035414], [-0.6115273767575788, 430.9643775963837]
Biases: [0.0, 0.02114901932888663] 
Weights: [-0.8601929440574998, 0.339660950250051], [-0.6115273767575788, 433.59834530769956]
Biases: [0.0, 0.14650473476189127] 
Weights: [-0.8601929440574998, 0.28638194651078225], [-0.6115273767575788, 435.89214322098064]
Biases: [0.0, -0.1462815532259069] 
Weights: [-0.8601929440574998, 0.2886454073186496], [-0.6115273767575788, 438.3838867205175]
Biases: [0.0, 0.009917583849748224] 
Weights: [-0.8601929440574998, 0.3119763793245903], [-0.6115273767575788, 440.9747572558653]
Biases: [0.0, -0.1270447940615766] 
Weights: [-0.8601929440574998, 0.3345607299461975], [-0.6115273767575788, 443.5415849484476]
Biases: [0.0, -0.1689592019085842] 
Weights: [-0.8601929440574998, 0.32624926889219075], [-0.6115273767575788, 446.01228303271677]
Biases: [0.0, 0.009757361238859563] 
Weights: [-0.8601929440574998, 0.31229927520715506], [-0.6115273767575788, 448.4156289830287]
Biases: [0.0, -0.11930684617879933] 
Weights: [-0.8601929440574998, 0.30073949866900473], [-0.6115273767575788, 450.83371087711964]
Biases: [0.0, 0.1850526842329872] 
Weights: [-0.8601929440574998, 0.3066327166313362], [-0.6115273767575788, 453.36159310000517]
Biases: [0.0, -0.10694010396899728] 
Weights: [-0.8601929440574998, 0.3223408535316151], [-0.6115273767575788, 455.9060448940094]
Biases: [0.0, -0.03413024771619022] 
Weights: [-0.8601929440574998, 0.3003809961568921], [-0.6115273767575788, 458.2940580249588]
Biases: [0.0, -0.053006731377578054] 
Weights: [-0.8601929440574998, 0.3035605273797361], [-0.6115273767575788, 460.7509200064728]
Biases: [0.0, -0.1147650155078746] 
Weights: [-0.8601929440574998, 0.2892722607713726], [-0.6115273767575788, 463.12846411436084]
Biases: [0.0, -0.13651438319390014] 
Weights: [-0.8601929440574998, 0.29286647015562495], [-0.6115273767575788, 465.65873621052214]
Biases: [0.0, -0.10304407935202198] 
Weights: [-0.8601929440574998, 0.315724467057283], [-0.6115273767575788, 468.23183765094336]
Biases: [0.0, -0.10711811066070259] 
Weights: [-0.8601929440574998, 0.3218022875319453], [-0.6115273767575788, 470.7064842462363]
Biases: [0.0, -0.047810216414827855] 
Weights: [-0.8601929440574998, 0.3252721590624592], [-0.6115273767575788, 473.16723542976837]
Biases: [0.0, -0.11089639373890897] 
Weights: [-0.8601929440574998, 0.3117462563285555], [-0.6115273767575788, 475.5778088589062]
Biases: [0.0, -0.13264812664554276] 
Weights: [-0.8601929440574998, 0.3184213812974398], [-0.6115273767575788, 478.08340971504566]
Biases: [0.0, 0.10298346878377684] 
Weights: [-0.8601929440574998, 0.29486590806753826], [-0.6115273767575788, 480.4780932164889]
Biases: [0.0, 0.0027161547092079963] 
Weights: [-0.8601929440574998, 0.28041700008974607], [-0.6115273767575788, 482.94552910653243]
Biases: [0.0, -0.10421025037647003] 
Weights: [-0.8601929440574998, 0.28095725073216254], [-0.6115273767575788, 485.4137133086715]
Biases: [0.0, 0.18506979458934986] 
Weights: [-0.8601929440574998, 0.2896367029152099], [-0.6115273767575788, 487.92672158129835]
Biases: [0.0, -0.10250416398072087] 
Weights: [-0.8601929440574998, 0.2828294797219414], [-0.6115273767575788, 490.3551755136812]
Biases: [0.0, -0.0521120181214918] 
Weights: [-0.8601929440574998, 0.28871130863549266], [-0.6115273767575788, 492.86103177184765]
Biases: [0.0, 0.029792746788104896] 
Weights: [-0.8601929440574998, 0.28120198752339287], [-0.6115273767575788, 495.3667123475403]
Biases: [0.0, 0.14737413073264283] 
Weights: [-0.8601929440574998, 0.30846980968451454], [-0.6115273767575788, 497.9554035968795]
Biases: [0.0, 0.12257321788776698] 
Weights: [-0.8601929440574998, 0.3263552660874611], [-0.6115273767575788, 500.50039845935396]
Biases: [0.0, -0.01693502102517741] 
Weights: [-0.8601929440574998, 0.3268788471293703], [-0.6115273767575788, 502.94882731641025]
Biases: [0.0, 0.011286295457856144] 
Weights: [-0.8601929440574998, 0.31811513946370723], [-0.6115273767575788, 505.37668178053156]
Biases: [0.0, 0.011405627554619324] 
Weights: [-0.8601929440574998, 0.31514953191212236], [-0.6115273767575788, 507.82354199323277]
Biases: [0.0, -0.0506413187291061] 
Weights: [-0.8601929440574998, 0.2793894748110628], [-0.6115273767575788, 510.17716394593657]
Biases: [0.0, 0.002669702316577871] 
Weights: [-0.8601929440574998, 0.2809979456085778], [-0.6115273767575788, 512.672960023888]
Biases: [0.0, 0.10898432822236381] 
Weights: [-0.8601929440574998, 0.2835864094122388], [-0.6115273767575788, 515.2173231254279]
Biases: [0.0, 0.009919737024222053] 
Weights: [-0.8601929440574998, 0.3129480415823398], [-0.6115273767575788, 517.807689539135]
Biases: [0.0, -0.10467320208782555] 
Weights: [-0.8601929440574998, 0.3198604512851425], [-0.6115273767575788, 520.2756304177198]
Biases: [0.0, 0.00693304611857537] 
Weights: [-0.8601929440574998, 0.29083451347845546], [-0.6115273767575788, 522.6761744436291]
Biases: [0.0, 0.14941333072716922] 
Weights: [-0.8601929440574998, 0.29168909635312573], [-0.6115273767575788, 525.1624470197401]
Biases: [0.0, -0.10017671020679098] 
Weights: [-0.8601929440574998, 0.2622048542362009], [-0.6115273767575788, 527.5086842771774]
Biases: [0.0, 0.011310862152003553] 
Weights: [-0.8601929440574998, 0.267112756038117], [-0.6115273767575788, 530.0050596208941]
Biases: [0.0, -0.01440919725678419] 
Weights: [-0.8601929440574998, 0.2393344182320259], [-0.6115273767575788, 532.405965917324]
Biases: [0.0, 0.04613162852489999] 
Weights: [-0.8601929440574998, 0.26907806490034486], [-0.6115273767575788, 535.0155514956646]
Biases: [0.0, -0.14405405595317727] 
Weights: [-0.8601929440574998, 0.2670797989003925], [-0.6115273767575788, 537.4443288132142]
Biases: [0.0, -0.03851789842558778] 
Weights: [-0.8601929440574998, 0.30590462378794775], [-0.6115273767575788, 540.0543188107213]
Biases: [0.0, 0.010287918578669009] 
Weights: [-0.8601929440574998, 0.29273037765869847], [-0.6115273767575788, 542.4927922338278]
Biases: [0.0, -0.1052082968714369] 
Weights: [-0.8601929440574998, 0.28791087838191426], [-0.6115273767575788, 544.9563339316506]
Biases: [0.0, -0.051521047797716824] 
Weights: [-0.8601929440574998, 0.3088419769582196], [-0.6115273767575788, 547.5288507659177]
Biases: [0.0, -0.025197063288210086] 
Weights: [-0.8601929440574998, 0.2895485029153711], [-0.6115273767575788, 549.9111086235156]
Biases: [0.0, -0.14178170136749152] 
Weights: [-0.8601929440574998, 0.27013058921232014], [-0.6115273767575788, 552.3309013019078]
Biases: [0.0, -0.09685885182804777] 
Weights: [-0.8601929440574998, 0.3018680229621135], [-0.6115273767575788, 554.918165441756]
Biases: [0.0, 0.010119573557104966] 
Weights: [-0.8601929440574998, 0.31970535936377953], [-0.6115273767575788, 557.4723681699189]
Biases: [0.0, 0.008168241345795413] 
Weights: [-0.8601929440574998, 0.2847721061748645], [-0.6115273767575788, 559.8352972514289]
Biases: [0.0, -0.10049032839815558] 
Weights: [-0.8601929440574998, 0.28421678026355596], [-0.6115273767575788, 562.2915953709523]
Biases: [0.0, -0.09925090485645072] 
Weights: [-0.8601929440574998, 0.2829660946911294], [-0.6115273767575788, 564.775824542338]
Biases: [0.0, -0.09969870784021018] 
Weights: [-0.8601929440574998, 0.2971443899744789], [-0.6115273767575788, 567.2950190892627]
Biases: [0.0, 0.18873599424945398] 
Weights: [-0.8601929440574998, 0.2756522613582278], [-0.6115273767575788, 569.7399150073716]
Biases: [0.0, -0.09818238152513509] 
Weights: [-0.8601929440574998, 0.3145643557827443], [-0.6115273767575788, 572.3728226100154]
Biases: [0.0, -0.03327129073280427] 
Weights: [-0.8601929440574998, 0.3371312593657304], [-0.6115273767575788, 574.9694338242423]
Biases: [0.0, 0.11322945739344292] 
Weights: [-0.8601929440574998, 0.34861910474044044], [-0.6115273767575788, 577.5151496819929]
Biases: [0.0, 0.11449008486682827] 
Weights: [-0.8601929440574998, 0.31875214211438685], [-0.6115273767575788, 579.8810696976324]
Biases: [0.0, 0.12578163008001408] 
Weights: [-0.8601929440574998, 0.31676434347929844], [-0.6115273767575788, 582.3424178717163]
Biases: [0.0, 0.01201275896613635] 
Weights: [-0.8601929440574998, 0.3232758621156824], [-0.6115273767575788, 584.841430171844]
Biases: [0.0, -0.05652290950235539] 
Weights: [-0.8601929440574998, 0.31447705076416316], [-0.6115273767575788, 587.276420242322]
Biases: [0.0, 0.061299843160600165] 
Weights: [-0.8601929440574998, 0.2874496714797069], [-0.6115273767575788, 589.6361193367828]
Biases: [0.0, 0.007284831304147754] 
Weights: [-0.8601929440574998, 0.2660184886412792], [-0.6115273767575788, 592.0424874350732]
Biases: [0.0, 0.011178202049100971] 
Weights: [-0.8601929440574998, 0.2869520134392957], [-0.6115273767575788, 594.6127394488138]
Biases: [0.0, -0.0388060514466399] 
Weights: [-0.8601929440574998, 0.29533489224765214], [-0.6115273767575788, 597.1526817848171]
Biases: [0.0, 0.15767046136711088] 
Weights: [-0.8601929440574998, 0.2838075713689058], [-0.6115273767575788, 599.5897108237701]
Biases: [0.0, -0.10045171392560703] 
Weights: [-0.8601929440574998, 0.2915678842215486], [-0.6115273767575788, 602.0636969801652]
Biases: [0.0, 0.15798792823940444] 
Weights: [-0.8601929440574998, 0.3270461335919124], [-0.6115273767575788, 604.6761748546048]
Biases: [0.0, 0.0064980883819221735] 
Weights: [-0.8601929440574998, 0.31614130667038887], [-0.6115273767575788, 607.1023385210991]
Biases: [0.0, -0.10918123221349746] 
Weights: [-0.8601929440574998, 0.31061229353329317], [-0.6115273767575788, 609.5594173084487]
Biases: [0.0, 0.04275493139835912] 
Weights: [-0.8601929440574998, 0.3181324049510182], [-0.6115273767575788, 612.0688783660626]
Biases: [0.0, -0.13150903399607755] 
Weights: [-0.8601929440574998, 0.3075776710414755], [-0.6115273767575788, 614.5446620017485]
Biases: [0.0, -0.02022430165012895] 
Weights: [-0.8601929440574998, 0.2968804237023626], [-0.6115273767575788, 616.9968341341709]
Biases: [0.0, -0.03894199760698014] 
Weights: [-0.8601929440574998, 0.27058950708935176], [-0.6115273767575788, 619.3818476258152]
Biases: [0.0, 0.007186935044899312] 
Weights: [-0.8601929440574998, 0.2673972300532777], [-0.6115273767575788, 621.8314191004326]
Biases: [0.0, 0.20869504612688652] 
Weights: [-0.8601929440574998, 0.2689658344566914], [-0.6115273767575788, 624.2976663599462]
Biases: [0.0, 0.14657520889011508] 
Weights: [-0.8601929440574998, 0.2780721544461296], [-0.6115273767575788, 626.8329671612396]
Biases: [0.0, -0.041612408518199084] 
Weights: [-0.8601929440574998, 0.32112360590771727], [-0.6115273767575788, 629.4537457103377]
Biases: [0.0, -0.16398645425565833] 
Weights: [-0.8601929440574998, 0.2707434263291652], [-0.6115273767575788, 631.7536348331512]
Biases: [0.0, -0.1262878227584175] 
Weights: [-0.8601929440574998, 0.29277209436922375], [-0.6115273767575788, 634.311908366004]
Biases: [0.0, 0.18930890808734727] 
Weights: [-0.8601929440574998, 0.2821065427117866], [-0.6115273767575788, 636.7641884130533]
Biases: [0.0, 0.013181617836836357] 
Weights: [-0.8601929440574998, 0.2770841764762171], [-0.6115273767575788, 639.2350429108473]
Biases: [0.0, 0.13809054290139405] 
Weights: [-0.8601929440574998, 0.2992158640084659], [-0.6115273767575788, 641.7962050764996]
Biases: [0.0, 0.18698051264610857] 
Weights: [-0.8601929440574998, 0.307356570431263], [-0.6115273767575788, 644.3349230134153]
Biases: [0.0, 0.004866467527601448] 
Weights: [-0.8601929440574998, 0.3161604220721667], [-0.6115273767575788, 646.856930163207]
Biases: [0.0, 0.008787237034107276] 
Weights: [-0.8601929440574998, 0.30213419069975833], [-0.6115273767575788, 649.2936548758305]
Biases: [0.0, -0.05956114246021588] 
Weights: [-0.8601929440574998, 0.2970354750095842], [-0.6115273767575788, 651.7411334362814]
Biases: [0.0, 0.19057376008266158] 
Weights: [-0.8601929440574998, 0.33520090334619823], [-0.6115273767575788, 654.393833757219]
Biases: [0.0, -0.18697769520128188] 
Weights: [-0.8601929440574998, 0.32656252698943905], [-0.6115273767575788, 656.8739270482254]
Biases: [0.0, -0.06209070197937866] 
Weights: [-0.8601929440574998, 0.32233540053008647], [-0.6115273767575788, 659.3371702908564]
Biases: [0.0, -0.128491333073169] 
Weights: [-0.8601929440574998, 0.30361567326698063], [-0.6115273767575788, 661.7362267870722]
Biases: [0.0, 0.1756614015997893] 
Weights: [-0.8601929440574998, 0.3120144931894846], [-0.6115273767575788, 664.2597296676537]
Biases: [0.0, 0.007652085433583533] 
Weights: [-0.8601929440574998, 0.3149680135052232], [-0.6115273767575788, 666.7550729491443]
Biases: [0.0, 0.14925310009947818] 
Weights: [-0.8601929440574998, 0.29210552554315244], [-0.6115273767575788, 669.1451262782733]
Biases: [0.0, -0.09647372014552452] 
Weights: [-0.8601929440574998, 0.2756787067883853], [-0.6115273767575788, 671.5373226480858]
Biases: [0.0, -0.09760740433986498] 
Weights: [-0.8601929440574998, 0.2842765259843881], [-0.6115273767575788, 674.0463539048492]
Biases: [0.0, -0.14960016333776166] 
Weights: [-0.8601929440574998, 0.2653789172256693], [-0.6115273767575788, 676.4545809539144]
Biases: [0.0, 0.1822606034656782] 
Weights: [-0.8601929440574998, 0.31321814315681706], [-0.6115273767575788, 679.1473870600737]
Biases: [0.0, 0.017139316812619876] 
Weights: [-0.8601929440574998, 0.3075700302833148], [-0.6115273767575788, 681.6253109647246]
Biases: [0.0, 0.13547278484401665] 
Weights: [-0.8601929440574998, 0.27931391149901846], [-0.6115273767575788, 684.0304424441213]
Biases: [0.0, -0.09255098506321136] 
Weights: [-0.8601929440574998, 0.31144611656325955], [-0.6115273767575788, 686.6155913898388]
Biases: [0.0, 0.01608245953744636] 
Weights: [-0.8601929440574998, 0.31347182501393533], [-0.6115273767575788, 689.1151515529617]
Biases: [0.0, -0.11774467395198801] 
Weights: [-0.8601929440574998, 0.32338025318539987], [-0.6115273767575788, 691.6296370069238]
Biases: [0.0, 0.11163998129195568] 
Weights: [-0.8601929440574998, 0.34078030657851394], [-0.6115273767575788, 694.1743625565947]
Biases: [0.0, 0.1714232400493309] 
Weights: [-0.8601929440574998, 0.3339769937545431], [-0.6115273767575788, 696.6462390791278]
Biases: [0.0, 0.105663817135638] 
Weights: [-0.8601929440574998, 0.30149699826362525], [-0.6115273767575788, 698.9945329667464]
Biases: [0.0, 0.062230444534012] 
Weights: [-0.8601929440574998, 0.3090011005189328], [-0.6115273767575788, 701.5142735119783]
Biases: [0.0, -0.11710995672405217] 
Weights: [-0.8601929440574998, 0.31201626490944917], [-0.6115273767575788, 704.0000640882944]
Biases: [0.0, -0.17443040831477025] 
Weights: [-0.8601929440574998, 0.2999841570443942], [-0.6115273767575788, 706.4408682585924]
Biases: [0.0, 0.09922158065335518] 
Weights: [-0.8601929440574998, 0.274964390710393], [-0.6115273767575788, 708.8338541388613]
Biases: [0.0, 0.1345051835662605] 
Weights: [-0.8601929440574998, 0.3119473980057523], [-0.6115273767575788, 711.4353683518918]
Biases: [0.0, -0.1306584128846902] 
Weights: [-0.8601929440574998, 0.30442748052895335], [-0.6115273767575788, 713.9195854362074]
Biases: [0.0, 0.06921855347069988] 
Weights: [-0.8601929440574998, 0.292027877276752], [-0.6115273767575788, 716.3769249252559]
Biases: [0.0, 0.04860643477625226] 
Weights: [-0.8601929440574998, 0.28822213853717], [-0.6115273767575788, 718.8385631367224]
Biases: [0.0, -0.025596218393303116] 
Weights: [-0.8601929440574998, 0.26864922756924614], [-0.6115273767575788, 721.2142050082247]
Biases: [0.0, 0.0054651809043538835] 
Weights: [-0.8601929440574998, 0.24174133942509596], [-0.6115273767575788, 723.6140879598406]
Biases: [0.0, -0.0885056341422692] 
Weights: [-0.8601929440574998, 0.2585700977631482], [-0.6115273767575788, 726.1522338716381]
Biases: [0.0, -0.02723410953313471] 
Weights: [-0.8601929440574998, 0.2793439484215672], [-0.6115273767575788, 728.6795926606023]
Biases: [0.0, -0.14678816905555442] 
Weights: [-0.8601929440574998, 0.26896788884375955], [-0.6115273767575788, 731.1586347042212]
Biases: [0.0, 0.0055811890413705045] 
Weights: [-0.8601929440574998, 0.27946661159344904], [-0.6115273767575788, 733.6924182209316]
Biases: [0.0, -0.04472362855497747] 
Weights: [-0.8601929440574998, 0.33723096524993684], [-0.6115273767575788, 736.4148681672013]
Biases: [0.0, -0.17067619342357104] 
Weights: [-0.8601929440574998, 0.32278506951055674], [-0.6115273767575788, 738.8706866875497]
Biases: [0.0, -0.1825358139798518] 
Weights: [-0.8601929440574998, 0.3202423863226011], [-0.6115273767575788, 741.3327258316014]
Biases: [0.0, -0.12677693643267435] 
Weights: [-0.8601929440574998, 0.3387346980830496], [-0.6115273767575788, 743.8789565499065]
Biases: [0.0, -0.16973552354681404] 
Weights: [-0.8601929440574998, 0.32001877434929865], [-0.6115273767575788, 746.2969401900149]
Biases: [0.0, -0.17974271093985922] 
Weights: [-0.8601929440574998, 0.31133462769655906], [-0.6115273767575788, 748.7808125854473]
Biases: [0.0, 0.17092877925665956]